     0/499     1.82G   0.05758   0.07634    0.0174    0.1513        40       640    0.7901    0.8244    0.8316    0.5031   0.05187  0.005378   0.01149
     1/499     2.57G   0.03329   0.00355  0.001817   0.03866        44       640     0.787    0.9096    0.8882    0.5393   0.04604  0.005129  0.008515
     2/499     2.57G   0.03152  0.003435  0.001098   0.03605        32       640    0.8493    0.8462    0.8609    0.5367    0.0421  0.005085  0.007268
     3/499     2.57G   0.02867  0.003446 0.0007436   0.03286        41       640     0.833    0.9147    0.8775    0.5885   0.03524  0.004863  0.005881
     4/499     2.57G   0.02612  0.003315 0.0005143   0.02995        30       640    0.8848    0.9324     0.922    0.6067    0.0337  0.004939   0.00486
     5/499     2.57G    0.0244  0.003183 0.0004881   0.02807        21       640    0.8892    0.9273    0.9089    0.6128    0.0327    0.0048  0.004788
     6/499     2.57G    0.0234  0.003139 0.0005035   0.02705        49       640    0.8745    0.9357    0.9054    0.6304   0.03132  0.004813  0.004708
     7/499     2.57G   0.02292  0.003071 0.0005497   0.02654        36       640    0.8932    0.9359     0.903    0.6187   0.03133  0.004754  0.004575
     8/499     2.57G   0.02257  0.002993 0.0004191   0.02598        32       640    0.8782    0.9349     0.908    0.6389   0.03098   0.00471  0.004394
     9/499     2.57G   0.02219  0.002942 0.0004431   0.02557        37       640     0.865    0.9261    0.8921    0.6169   0.03088  0.004957   0.00456
    10/499     2.57G   0.02188  0.002926 0.0004044   0.02521        31       640    0.8756    0.9142    0.8802    0.6106   0.03138  0.005018   0.00443
    11/499     2.58G   0.02181  0.002908 0.0004804    0.0252        36       640    0.8896    0.9502    0.9109    0.6368   0.03065  0.004941  0.004439
    12/499     2.58G   0.02153  0.002877 0.0004281   0.02484        40       640     0.878    0.9291    0.8982    0.6225   0.03047  0.005028  0.004288
    13/499     2.58G   0.02141  0.002871 0.0003802   0.02466        24       640    0.8874    0.9484    0.9149    0.6497   0.02931  0.005019  0.004266
    14/499     2.58G    0.0211  0.002882 0.0003965   0.02438        44       640    0.8598    0.9252    0.8735    0.6247   0.03029  0.005098  0.004163
    15/499     2.58G   0.02097  0.002839 0.0004043   0.02421        23       640     0.893    0.9397    0.9151    0.6461   0.03021  0.005184  0.004093
    16/499     2.58G     0.021  0.002825 0.0003866   0.02421        35       640    0.8678    0.9282    0.8977    0.6393   0.03031  0.005184  0.004193
    17/499     2.58G   0.02074  0.002805 0.0003726   0.02392        41       640    0.8765    0.9303    0.8902    0.6373   0.02981  0.005271  0.004035
    18/499     2.58G   0.02073  0.002796 0.0004067   0.02393        40       640    0.8701    0.9476    0.9128    0.6493   0.02921  0.005146  0.004037
    19/499     2.58G   0.02069  0.002788 0.0004107   0.02389        23       640    0.8702    0.9378    0.8968    0.6448   0.03003  0.005236  0.004209
    20/499     2.58G   0.02053  0.002774 0.0003275   0.02363        31       640     0.877    0.9485    0.9105    0.6506   0.02889  0.005116  0.003939
    21/499     2.58G   0.02057  0.002764 0.0003676    0.0237        31       640    0.8817    0.9537    0.9084    0.6531   0.02902  0.005192  0.004014
    22/499     2.58G   0.02053  0.002743  0.000355   0.02363        26       640    0.8737    0.9467    0.9113    0.6577   0.02854  0.005116  0.003908
    23/499     2.58G   0.02038  0.002776 0.0004128   0.02357        27       640    0.8674    0.9521    0.9028    0.6488   0.02912  0.005164  0.004207
    24/499     2.58G   0.02036  0.002719 0.0003655   0.02344        36       640    0.8883    0.9511    0.9181    0.6605   0.02845  0.005212  0.004705
    25/499     2.58G   0.02017  0.002749 0.0004235   0.02334        21       640    0.8794    0.9492     0.913    0.6659   0.02845  0.005134  0.003991
    26/499     2.58G   0.02028   0.00274 0.0003593   0.02338        35       640    0.8715    0.9342    0.8912    0.6481   0.02847  0.005189  0.004118
    27/499     2.58G   0.02021   0.00275 0.0004518   0.02341        34       640    0.8764    0.9413    0.9208    0.6624    0.0283  0.005254  0.004967
    28/499     2.58G   0.02006  0.002735 0.0003562   0.02315        25       640    0.8786    0.9415     0.907    0.6552   0.02848  0.005173  0.004295
    29/499     2.58G   0.01987  0.002708 0.0003781   0.02296        40       640    0.8755    0.9462     0.909    0.6581   0.02799  0.005177   0.00408
    30/499     2.58G   0.02001  0.002693 0.0004068   0.02311        38       640    0.8895    0.9532    0.9198    0.6741   0.02788  0.005165  0.004491
    31/499     2.58G    0.0199  0.002717 0.0003498   0.02297        36       640    0.8926    0.9288    0.9168    0.6728   0.02805  0.005216  0.004881
    32/499     2.58G   0.01998  0.002717 0.0004403   0.02314        42       640    0.8853    0.9334    0.9053    0.6701   0.02821  0.005217  0.004779
    33/499     2.58G   0.01973  0.002689 0.0003242   0.02274        33       640    0.8845    0.9453    0.9042    0.6692   0.02789  0.005215  0.004303
    34/499     2.58G   0.01974  0.002672 0.0003519   0.02277        26       640    0.8699    0.9531    0.9063    0.6729   0.02807  0.005174  0.004029
    35/499     2.58G   0.01972  0.002671 0.0003321   0.02272        41       640    0.8889    0.9342    0.8996    0.6604   0.02868  0.005247  0.003887
    36/499     2.58G    0.0194  0.002665 0.0003165   0.02238        30       640    0.8846    0.9489    0.9169    0.6681   0.02802  0.005243  0.004031
    37/499     2.58G   0.01966  0.002684 0.0003507   0.02269        31       640    0.8899     0.955    0.9227    0.6762   0.02787  0.005221  0.004132
    38/499     2.58G   0.01953  0.002655 0.0003234   0.02251        28       640    0.8869    0.9571    0.9157    0.6738    0.0277  0.005196  0.004436
    39/499     2.58G   0.01949   0.00269  0.000327    0.0225        41       640    0.8896    0.9406    0.9015     0.665    0.0277  0.005291  0.004798
    40/499     2.58G    0.0195  0.002646 0.0002867   0.02243        31       640    0.8868    0.9383    0.9047    0.6707   0.02765  0.005259  0.004275
    41/499     2.58G   0.01968  0.002674 0.0003212   0.02267        45       640    0.8876    0.9341    0.9079    0.6732   0.02767  0.005215   0.00424
    42/499     2.58G   0.01937  0.002672 0.0003494   0.02239        28       640    0.8874    0.9484    0.9104    0.6756   0.02746  0.005192  0.004263
    43/499     2.58G   0.01931  0.002648 0.0003905   0.02235        39       640    0.8889    0.9439    0.9077    0.6706   0.02762  0.005198  0.004168
    44/499     2.58G   0.01924  0.002672 0.0003317   0.02224        28       640    0.8902    0.9508    0.9175    0.6734   0.02773   0.00522  0.004234
    45/499     2.58G    0.0195  0.002642 0.0003518   0.02249        39       640    0.8904    0.9506    0.9155    0.6706   0.02775  0.005218  0.004163
    46/499     2.58G   0.01934  0.002598 0.0003375   0.02228        37       640    0.8914    0.9504    0.9207    0.6768   0.02759  0.005216  0.004304
    47/499     2.58G   0.01933  0.002636 0.0002891   0.02226        53       640    0.8922    0.9505    0.9175     0.678   0.02743  0.005209   0.00425
    48/499     2.58G   0.01932   0.00262 0.0003599    0.0223        31       640    0.8822    0.9447    0.9104    0.6822   0.02742  0.005207  0.004192
    49/499     2.58G   0.01921  0.002636 0.0002987   0.02214        36       640    0.8864    0.9412    0.9102    0.6823   0.02741  0.005208  0.004174
    50/499     2.58G   0.01917  0.002639 0.0003093   0.02212        27       640    0.8855    0.9413    0.9095    0.6821   0.02738  0.005202  0.004174
    51/499     2.58G   0.01912  0.002623 0.0003148   0.02205        26       640     0.888    0.9395     0.908    0.6781   0.02738    0.0052  0.004135
    52/499     2.58G   0.01913  0.002604 0.0002856   0.02202        29       640    0.8913    0.9414    0.9099    0.6774   0.02745   0.00521  0.004151
    53/499     2.58G   0.01911  0.002605  0.000296   0.02202        38       640    0.8788    0.9508    0.9101    0.6795   0.02744  0.005216  0.004188
    54/499     2.58G   0.01908   0.00264 0.0003525   0.02207        37       640    0.8788     0.952    0.9088    0.6792   0.02741  0.005226  0.004186
    55/499     2.58G   0.01907  0.002599 0.0003489   0.02202        39       640    0.8796    0.9523    0.9092    0.6787   0.02743  0.005235  0.004213
    56/499     2.58G   0.01893  0.002615 0.0003098   0.02185        35       640    0.8779    0.9502    0.9086    0.6776   0.02741  0.005244  0.004314
    57/499     2.58G   0.01897  0.002567 0.0002904   0.02183        24       640    0.8746    0.9554     0.907    0.6785   0.02741  0.005247   0.00442
    58/499     2.58G   0.01909  0.002606 0.0003072     0.022        37       640    0.8812    0.9524    0.9065    0.6775    0.0274   0.00525  0.004476
    59/499     2.58G   0.01899   0.00258 0.0002887   0.02186        42       640    0.8795    0.9527    0.9094    0.6793   0.02739  0.005254  0.004512
    60/499     2.58G   0.01886   0.00258 0.0002719   0.02171        33       640    0.8814    0.9524     0.908    0.6792   0.02738  0.005252   0.00455
    61/499     2.58G    0.0189  0.002574 0.0002555   0.02173        36       640    0.8821    0.9494    0.9093    0.6788   0.02735  0.005254  0.004611
    62/499     2.58G   0.01888  0.002574 0.0002332   0.02169        37       640    0.8838    0.9511    0.9101    0.6786   0.02735  0.005259  0.004624
    63/499     2.58G   0.01872  0.002593 0.0002817   0.02159        33       640    0.8834    0.9503    0.9101    0.6797   0.02733  0.005262  0.004634
    64/499     2.58G   0.01882  0.002576 0.0002768   0.02167        42       640    0.8835    0.9509    0.9088    0.6815   0.02735  0.005267  0.004622
    65/499     2.58G   0.01873  0.002551 0.0002889   0.02157        33       640    0.8829    0.9513    0.9092      0.68   0.02735  0.005276  0.004633
    66/499     2.58G   0.01873  0.002594 0.0002367   0.02156        47       640    0.8851     0.948    0.9087    0.6798   0.02734  0.005278  0.004637
    67/499     2.58G   0.01864  0.002583 0.0003006   0.02153        32       640    0.8839    0.9491    0.9093    0.6803   0.02735  0.005281  0.004632
    68/499     2.58G    0.0188  0.002597 0.0002679   0.02167        28       640    0.8844     0.949    0.9093    0.6818   0.02734  0.005283   0.00464
    69/499     2.58G    0.0187   0.00258 0.0002734   0.02155        44       640    0.8841     0.949    0.9108    0.6821   0.02731  0.005284  0.004658
    70/499     2.58G   0.01873  0.002599 0.0002855   0.02161        42       640    0.8781    0.9579    0.9113    0.6826   0.02728  0.005285  0.004664
    71/499     2.58G   0.01867  0.002596 0.0003281   0.02159        41       640    0.8782    0.9577    0.9113    0.6816   0.02727  0.005288  0.004692
    72/499     2.58G   0.01865  0.002603  0.000285   0.02153        47       640    0.8812     0.959    0.9133    0.6819   0.02728  0.005292  0.004709
    73/499     2.58G   0.01853  0.002543 0.0002965   0.02137        35       640    0.8816    0.9585    0.9137    0.6813   0.02727  0.005294  0.004713
    74/499     2.58G    0.0186  0.002531 0.0003022   0.02143        24       640    0.8886    0.9503    0.9135    0.6812   0.02726  0.005298  0.004707
    75/499     2.58G   0.01857   0.00255 0.0002948   0.02142        31       640    0.8904     0.952    0.9137      0.68   0.02724  0.005297  0.004693
    76/499     2.58G   0.01851  0.002561 0.0002513   0.02132        31       640    0.8864    0.9568    0.9139    0.6801   0.02724  0.005301  0.004679
    77/499     2.58G   0.01842  0.002552 0.0002537   0.02123        29       640    0.8851     0.955    0.9114    0.6803   0.02723  0.005303    0.0047
    78/499     2.58G   0.01855  0.002598 0.0002834   0.02143        49       640    0.8855     0.955    0.9115    0.6805   0.02723  0.005305  0.004685
    79/499     2.58G   0.01846  0.002572 0.0002949   0.02133        38       640    0.8858     0.955    0.9113    0.6805   0.02721  0.005306  0.004682
    80/499     2.58G   0.01848  0.002553  0.000268   0.02131        37       640    0.8867    0.9558    0.9113    0.6808   0.02718  0.005308   0.00469
    81/499     2.58G   0.01843  0.002537 0.0002697   0.02124        28       640    0.8867    0.9557      0.91    0.6806   0.02716  0.005307  0.004672
    82/499     2.58G   0.01817  0.002555 0.0002389   0.02096        30       640    0.8887    0.9568    0.9116    0.6815   0.02715  0.005311   0.00469
    83/499     2.58G    0.0183  0.002543 0.0002706   0.02112        36       640    0.8894    0.9568    0.9123    0.6816   0.02712  0.005313  0.004682
    84/499     2.58G   0.01851  0.002588 0.0002469   0.02134        28       640    0.8905    0.9572    0.9122    0.6818   0.02711  0.005313  0.004665
    85/499     2.58G    0.0183  0.002507 0.0002522   0.02106        33       640    0.8901    0.9574    0.9126    0.6822    0.0271  0.005314  0.004662
    86/499     2.58G   0.01822  0.002534 0.0002587   0.02102        34       640      0.89    0.9574    0.9147    0.6829   0.02709  0.005316  0.004667
    87/499     2.58G   0.01821  0.002555 0.0002631   0.02103        44       640      0.89    0.9576    0.9144    0.6836   0.02709  0.005315  0.004683
    88/499     2.58G   0.01818  0.002505 0.0002535   0.02094        40       640    0.8901    0.9575    0.9145    0.6849   0.02709  0.005314  0.004693
    89/499     2.58G   0.01813  0.002537 0.0002647   0.02093        35       640    0.8861    0.9586    0.9121    0.6843   0.02706  0.005312  0.004676
    90/499     2.58G   0.01815  0.002533 0.0002623   0.02095        32       640    0.8867    0.9586    0.9121     0.684   0.02705  0.005311   0.00468
    91/499     2.58G   0.01811  0.002504 0.0002307   0.02084        29       640    0.8862    0.9586    0.9127    0.6848   0.02705  0.005311  0.004665
    92/499     2.58G   0.01815  0.002526  0.000257   0.02093        37       640     0.886    0.9586    0.9122    0.6846   0.02706  0.005313  0.004648
    93/499     2.58G   0.01809  0.002504 0.0002746   0.02087        45       640    0.8856    0.9586    0.9133    0.6854   0.02706  0.005313  0.004624
    94/499     2.58G   0.01794  0.002496 0.0002599   0.02069        42       640     0.885    0.9586    0.9129    0.6859   0.02705  0.005311  0.004617
    95/499     2.58G   0.01816  0.002512 0.0002354    0.0209        41       640    0.8882    0.9549    0.9127    0.6865   0.02704  0.005313    0.0046
    96/499     2.58G   0.01808  0.002529 0.0002437   0.02085        31       640    0.8882     0.955    0.9128    0.6859   0.02705  0.005314    0.0046
    97/499     2.58G   0.01792   0.00252 0.0002577    0.0207        19       640    0.8847    0.9585    0.9124    0.6863   0.02706  0.005317   0.00459
    98/499     2.58G   0.01793  0.002504 0.0002286   0.02067        42       640    0.8899    0.9553    0.9125    0.6858   0.02705   0.00532  0.004585
    99/499     2.58G   0.01788  0.002529 0.0002978    0.0207        30       640    0.8878    0.9568    0.9124    0.6855   0.02704  0.005324   0.00458
   100/499     2.58G   0.01786  0.002521 0.0002326   0.02061        38       640    0.8915    0.9524    0.9125    0.6857   0.02703  0.005326  0.004561
   101/499     2.58G   0.01778  0.002473 0.0002264   0.02048        44       640    0.8882    0.9549    0.9123    0.6854   0.02704  0.005328  0.004537
   102/499     2.58G    0.0179  0.002518  0.000264   0.02068        44       640    0.8883     0.955    0.9119    0.6841   0.02705  0.005329  0.004514
   103/499     2.58G   0.01795  0.002497  0.000295   0.02075        19       640    0.8884     0.955     0.912     0.685   0.02706  0.005331  0.004506
   104/499     2.58G   0.01792  0.002479 0.0002495   0.02065        32       640    0.8877    0.9535    0.9089     0.684   0.02706  0.005332  0.004488
   105/499     2.58G   0.01783  0.002495 0.0002568   0.02058        36       640    0.8898    0.9508    0.9096    0.6848   0.02708  0.005331  0.004466
   106/499     2.58G   0.01778   0.00247 0.0002422   0.02049        32       640    0.8861    0.9562    0.9101    0.6843   0.02708  0.005332  0.004434
   107/499     2.58G   0.01777  0.002481 0.0002455   0.02049        40       640    0.8854    0.9569    0.9095    0.6833    0.0271  0.005337  0.004432
   108/499     2.58G   0.01786  0.002472 0.0002454   0.02057        38       640    0.8858    0.9581    0.9101    0.6856   0.02712   0.00534  0.004425
   109/499     2.58G   0.01773  0.002471 0.0002308   0.02043        28       640    0.8861    0.9585    0.9101    0.6858   0.02712  0.005342  0.004413
   110/499     2.58G    0.0177  0.002486 0.0002323   0.02042        24       640    0.8855    0.9584    0.9095    0.6864   0.02711  0.005345  0.004395
   111/499     2.58G   0.01773  0.002477 0.0002207   0.02043        29       640    0.8877    0.9565    0.9095    0.6856   0.02712  0.005347  0.004376
   112/499     2.58G   0.01767  0.002463 0.0002269   0.02036        48       640    0.8864    0.9567    0.9094    0.6871   0.02711  0.005349  0.004352
   113/499     2.58G   0.01764  0.002496 0.0002144   0.02035        25       640    0.8854    0.9566    0.9098    0.6865    0.0271  0.005351   0.00435
   114/499     2.58G   0.01763  0.002505 0.0002716    0.0204        26       640    0.8852    0.9567      0.91    0.6859   0.02708  0.005353  0.004346
   115/499     2.58G   0.01773  0.002472 0.0002866   0.02049        36       640    0.8868    0.9556    0.9093    0.6861   0.02707  0.005355  0.004366
   116/499     2.58G   0.01772  0.002472 0.0002189   0.02041        36       640    0.8868    0.9564    0.9089     0.686   0.02707  0.005357  0.004362
   117/499     2.58G   0.01755  0.002464 0.0002329   0.02025        39       640    0.8828    0.9586    0.9093    0.6871   0.02705   0.00536  0.004367
   118/499     2.58G   0.01761   0.00248 0.0002598   0.02035        33       640    0.8849    0.9584    0.9089    0.6868   0.02704  0.005365  0.004353
   119/499     2.58G   0.01752  0.002437 0.0002221   0.02018        42       640    0.8842    0.9585    0.9093    0.6873   0.02704  0.005365  0.004322
   120/499     2.58G   0.01732  0.002472 0.0002342   0.02003        34       640    0.8861     0.956    0.9092    0.6863   0.02705   0.00537  0.004301
   121/499     2.58G   0.01758  0.002463 0.0002303   0.02027        25       640    0.8879    0.9576    0.9124    0.6874   0.02706  0.005373  0.004266
   122/499     2.58G   0.01739  0.002425 0.0002352   0.02005        28       640     0.888    0.9577    0.9123     0.688   0.02706  0.005374  0.004229
   123/499     2.58G   0.01755  0.002465 0.0002335   0.02025        32       640     0.888    0.9581    0.9125    0.6871   0.02707  0.005377   0.00424
   124/499     2.58G   0.01747  0.002457 0.0002587   0.02018        19       640    0.8855    0.9586    0.9125    0.6882   0.02708  0.005381  0.004226
   125/499     2.58G   0.01728   0.00246 0.0002237   0.01996        42       640    0.8855    0.9586    0.9126    0.6872   0.02707  0.005382  0.004212
   126/499     2.58G   0.01719  0.002457 0.0002086   0.01986        39       640    0.8882    0.9585    0.9126    0.6875   0.02706  0.005387  0.004212
   127/499     2.58G   0.01736  0.002441 0.0002134   0.02002        42       640    0.8883    0.9584    0.9127    0.6864   0.02707   0.00539  0.004211
   128/499     2.58G    0.0173  0.002431 0.0002221   0.01995        48       640     0.888    0.9567    0.9125    0.6862   0.02706  0.005391  0.004205
   129/499     2.58G   0.01725  0.002426 0.0002008   0.01988        41       640     0.888    0.9549    0.9124    0.6863   0.02706  0.005396   0.00419
   130/499     2.58G    0.0174  0.002437 0.0001955   0.02003        35       640    0.8819    0.9568    0.9098    0.6875   0.02705  0.005398  0.004177
   131/499     2.58G   0.01724   0.00246 0.0002467   0.01994        44       640    0.8865    0.9526    0.9097    0.6864   0.02703    0.0054  0.004167
   132/499     2.58G   0.01739  0.002468 0.0002942   0.02015        41       640    0.8862    0.9532    0.9109     0.687   0.02703  0.005401  0.004156
   133/499     2.58G    0.0172  0.002418 0.0002202   0.01984        39       640    0.8865    0.9529      0.91    0.6856   0.02702  0.005405  0.004155
   134/499     2.58G   0.01709  0.002417 0.0002233   0.01973        37       640    0.8863    0.9531    0.9099    0.6854   0.02702  0.005408  0.004136
   135/499     2.58G   0.01724  0.002442 0.0002521   0.01993        27       640    0.9105    0.9284    0.9099    0.6862   0.02702   0.00541  0.004127
   136/499     2.58G   0.01709  0.002412 0.0001744   0.01967        51       640    0.8869    0.9533     0.908    0.6854   0.02702  0.005413  0.004109
   137/499     2.58G   0.01704  0.002409 0.0001985   0.01965        29       640    0.8874    0.9532    0.9078    0.6862   0.02702  0.005418  0.004093
   138/499     2.58G   0.01719  0.002442 0.0002601    0.0199        43       640    0.8915    0.9527    0.9096    0.6874   0.02701  0.005423  0.004082
   139/499     2.58G   0.01702  0.002411 0.0002094   0.01964        40       640    0.8912    0.9532    0.9094    0.6864     0.027  0.005428  0.004059
   140/499     2.58G   0.01713  0.002419  0.000222   0.01977        45       640    0.8912    0.9529    0.9092    0.6867   0.02699  0.005428  0.004038
   141/499     2.58G   0.01708  0.002427 0.0001972   0.01971        41       640    0.8907    0.9524    0.9092    0.6868   0.02699   0.00543  0.004023
   142/499     2.58G   0.01693  0.002414 0.0002196   0.01956        33       640    0.8912     0.955    0.9127     0.686   0.02699   0.00543  0.003996
   143/499     2.58G    0.0169  0.002415 0.0002003   0.01951        43       640    0.8913     0.955    0.9118    0.6857   0.02698  0.005432  0.003972
   144/499     2.58G   0.01686  0.002407 0.0001943   0.01946        32       640    0.8916    0.9545    0.9126    0.6862   0.02698  0.005435  0.003946
   145/499     2.58G   0.01694  0.002402 0.0002118   0.01956        43       640    0.8911     0.955    0.9133     0.687   0.02696  0.005436  0.003924
   146/499     2.58G   0.01686  0.002419 0.0002541   0.01954        48       640    0.8916    0.9549    0.9132    0.6872   0.02695   0.00544  0.003915
   147/499     2.58G   0.01691  0.002417 0.0002195   0.01955        31       640    0.8916     0.955    0.9131    0.6882   0.02696  0.005442  0.003908
   148/499     2.58G   0.01697  0.002423 0.0002126    0.0196        27       640    0.8918    0.9543    0.9117     0.687   0.02696  0.005443  0.003896
   149/499     2.58G   0.01692  0.002413 0.0002176   0.01955        36       640     0.896    0.9495    0.9117    0.6871   0.02696  0.005445  0.003882
   150/499     2.58G   0.01684  0.002416 0.0002019   0.01946        36       640    0.8934    0.9526     0.911    0.6872   0.02696  0.005448   0.00388
   151/499     2.58G   0.01691  0.002402 0.0002206   0.01953        44       640    0.8953    0.9549    0.9139    0.6872   0.02695  0.005451  0.003872
   152/499     2.58G   0.01682  0.002406 0.0002209   0.01944        31       640    0.8976    0.9539    0.9139    0.6876   0.02694  0.005454  0.003864
   153/499     2.58G    0.0168   0.00242  0.000224   0.01945        41       640    0.8945    0.9502      0.91    0.6874   0.02695  0.005456  0.003856
   154/499     2.58G   0.01655   0.00238 0.0002197   0.01915        41       640    0.8962    0.9512    0.9121    0.6882   0.02694   0.00546  0.003845
   155/499     2.58G   0.01676  0.002379 0.0002003   0.01934        39       640    0.8956    0.9521    0.9128    0.6887   0.02695  0.005461  0.003825
   156/499     2.58G   0.01668  0.002369 0.0001816   0.01923        57       640    0.8934    0.9531    0.9127    0.6885   0.02695  0.005464  0.003818
   157/499     2.58G   0.01664  0.002405 0.0002148   0.01926        34       640    0.8962    0.9505    0.9124     0.688   0.02695  0.005465  0.003799
   158/499     2.58G   0.01671  0.002375 0.0001864   0.01927        34       640    0.8952    0.9506     0.913    0.6884   0.02694  0.005469  0.003765
   159/499     2.58G   0.01665  0.002381 0.0002104   0.01924        32       640    0.8955    0.9524    0.9133    0.6892   0.02693  0.005472  0.003739
   160/499     2.58G   0.01654  0.002399 0.0001815   0.01912        34       640    0.8974    0.9503    0.9136    0.6881   0.02692  0.005474  0.003721
   161/499     2.58G   0.01659  0.002385 0.0001892   0.01916        39       640    0.8972    0.9504    0.9138    0.6882   0.02691  0.005478  0.003702
   162/499     2.58G   0.01647  0.002365  0.000211   0.01904        47       640    0.8958    0.9484    0.9129    0.6884   0.02692  0.005479  0.003698
   163/499     2.58G   0.01667  0.002386 0.0002491    0.0193        30       640    0.8976    0.9483    0.9123    0.6887   0.02692  0.005479   0.00369
   164/499     2.58G   0.01665  0.002378 0.0001847   0.01921        35       640    0.9011    0.9495    0.9133    0.6884   0.02692  0.005481  0.003676
   165/499     2.58G   0.01654  0.002357 0.0002055    0.0191        42       640     0.901    0.9491    0.9135    0.6875   0.02691   0.00548  0.003663
   166/499     2.58G   0.01648  0.002371 0.0002064   0.01906        38       640     0.907    0.9395    0.9137    0.6881   0.02691  0.005482  0.003655
   167/499     2.58G    0.0164  0.002378 0.0002117   0.01899        39       640    0.9065    0.9398    0.9137    0.6884   0.02691  0.005483  0.003646
   168/499     2.58G   0.01654   0.00239 0.0002007   0.01913        21       640    0.9013    0.9472    0.9146    0.6898    0.0269  0.005487  0.003641
   169/499     2.58G   0.01643  0.002363 0.0001746   0.01896        32       640     0.907     0.939    0.9147    0.6896    0.0269  0.005487  0.003624
   170/499     2.58G   0.01631   0.00235 0.0002086   0.01887        29       640    0.9069    0.9389    0.9145    0.6888   0.02691   0.00549  0.003618
   171/499     2.58G   0.01624   0.00234  0.000181   0.01876        36       640     0.901    0.9452    0.9144    0.6899   0.02691   0.00549  0.003607
   172/499     2.58G   0.01634  0.002326 0.0001917   0.01886        36       640    0.9009     0.945    0.9145    0.6895   0.02692  0.005492  0.003592
   173/499     2.58G   0.01641  0.002366 0.0002322   0.01901        43       640    0.8986    0.9484    0.9133    0.6887   0.02691  0.005495  0.003581
   174/499     2.58G   0.01627  0.002373  0.000187   0.01883        38       640    0.9011    0.9466    0.9133    0.6904   0.02691  0.005498  0.003574
   175/499     2.58G   0.01621  0.002337 0.0001783   0.01873        36       640     0.901    0.9469    0.9128    0.6898   0.02691    0.0055  0.003566
   176/499     2.58G   0.01627  0.002353 0.0002304   0.01885        54       640    0.9038    0.9418    0.9121    0.6888   0.02691  0.005501   0.00357
   177/499     2.58G   0.01624  0.002348 0.0001911   0.01878        42       640    0.8962    0.9473    0.9126    0.6907   0.02691  0.005503  0.003567
   178/499     2.58G   0.01628  0.002343 0.0001842    0.0188        36       640    0.8959    0.9473     0.913    0.6911    0.0269  0.005504  0.003559
   179/499     2.58G    0.0161  0.002368  0.000217   0.01869        34       640    0.8999    0.9431    0.9126    0.6913   0.02689  0.005508  0.003549
   180/499     2.58G     0.016   0.00233 0.0001906   0.01852        30       640     0.894    0.9491    0.9131     0.691   0.02688  0.005511  0.003547
   181/499     2.58G   0.01617  0.002324 0.0001802   0.01868        46       640    0.8939    0.9454    0.9134    0.6921   0.02688  0.005515  0.003542
   182/499     2.58G   0.01608  0.002309  0.000221   0.01861        31       640    0.8945    0.9455    0.9131    0.6924   0.02688  0.005519  0.003536
   183/499     2.58G   0.01619  0.002343  0.000203   0.01874        29       640    0.8908    0.9473     0.913    0.6912   0.02687  0.005523  0.003533
   184/499     2.58G   0.01603  0.002317 0.0002048   0.01855        36       640    0.8909    0.9475    0.9133    0.6917   0.02687  0.005527  0.003524
   185/499     2.58G   0.01594  0.002321 0.0001735   0.01843        35       640    0.8905    0.9473    0.9129    0.6921   0.02687  0.005531  0.003522
   186/499     2.58G   0.01597  0.002337 0.0001767   0.01848        27       640    0.8919    0.9454     0.913     0.692   0.02687  0.005535  0.003511
   187/499     2.58G   0.01604  0.002358 0.0001933   0.01859        26       640    0.8972    0.9387    0.9128    0.6933   0.02687  0.005537  0.003504
   188/499     2.58G   0.01605  0.002332 0.0002002   0.01858        43       640    0.8972    0.9387    0.9133    0.6938   0.02687  0.005539  0.003502
   189/499     2.58G   0.01589  0.002325 0.0001827    0.0184        47       640    0.8972     0.939    0.9126    0.6917   0.02688  0.005539  0.003489
   190/499     2.58G   0.01583  0.002324 0.0001793   0.01833        28       640    0.8923    0.9436    0.9125    0.6918   0.02689  0.005541  0.003475
   191/499     2.58G     0.016  0.002307 0.0001658   0.01847        33       640    0.8875    0.9491    0.9123    0.6904    0.0269  0.005543  0.003463
   192/499     2.58G   0.01583  0.002314 0.0001912   0.01834        35       640    0.8879    0.9491    0.9121    0.6907   0.02691  0.005546  0.003456
   193/499     2.58G    0.0159  0.002326 0.0002147   0.01844        32       640    0.8877    0.9491     0.913     0.692   0.02691   0.00555  0.003457
   194/499     2.58G   0.01577  0.002309 0.0001821   0.01826        26       640    0.8875    0.9491    0.9122    0.6906   0.02692  0.005553  0.003456
   195/499     2.58G   0.01581  0.002298 0.0001742   0.01829        53       640    0.8955    0.9401    0.9115    0.6889   0.02694  0.005557   0.00346
   196/499     2.58G   0.01586  0.002276 0.0001819   0.01831        28       640    0.8879    0.9497    0.9111    0.6889   0.02695  0.005556  0.003457
   197/499     2.58G   0.01593  0.002329 0.0002098   0.01847        28       640    0.8881    0.9506    0.9119    0.6897   0.02696  0.005557  0.003447
   198/499     2.58G   0.01573  0.002298  0.000202   0.01823        38       640    0.8879    0.9509    0.9122    0.6892   0.02697   0.00556  0.003447
   199/499     2.58G   0.01569  0.002303 0.0001798   0.01818        37       640    0.8884    0.9489    0.9117    0.6892   0.02697  0.005562  0.003444
   200/499     2.58G   0.01588  0.002309 0.0002018   0.01839        33       640    0.8885     0.949    0.9121    0.6896   0.02697  0.005559  0.003426
   201/499     2.58G   0.01568  0.002312 0.0001915   0.01818        41       640    0.8902    0.9484    0.9123    0.6895   0.02698  0.005563  0.003412
   202/499     2.58G    0.0157  0.002304 0.0002103   0.01821        40       640    0.8901    0.9486    0.9122    0.6896   0.02699  0.005567  0.003409
   203/499     2.58G   0.01559  0.002292 0.0001688   0.01805        38       640    0.8929    0.9438    0.9125    0.6895   0.02701  0.005568  0.003407
   204/499     2.58G   0.01576  0.002277 0.0001622   0.01819        27       640    0.8933    0.9436    0.9123    0.6888   0.02701  0.005572  0.003409
   205/499     2.58G   0.01565  0.002269 0.0001466   0.01806        33       640    0.9051    0.9309    0.9119    0.6892   0.02701  0.005574  0.003405
   206/499     2.58G   0.01565  0.002288 0.0001523   0.01809        29       640    0.8914    0.9455     0.912    0.6899   0.02701  0.005578  0.003403
   207/499     2.58G   0.01548  0.002273 0.0001754   0.01793        40       640    0.8906    0.9455     0.913      0.69   0.02701   0.00558  0.003397
   208/499     2.58G   0.01553  0.002264 0.0001513   0.01795        25       640     0.892    0.9444     0.912    0.6894   0.02701  0.005583  0.003393
   209/499     2.58G   0.01561   0.00227 0.0001719   0.01805        37       640    0.8937    0.9429    0.9132    0.6897   0.02701  0.005585  0.003393
   210/499     2.58G   0.01553   0.00225 0.0001643   0.01794        23       640     0.894    0.9427    0.9131    0.6905   0.02701  0.005587  0.003384
   211/499     2.58G   0.01548  0.002273 0.0001604   0.01791        34       640     0.894    0.9428    0.9134    0.6906   0.02703  0.005592  0.003373
   212/499     2.58G   0.01537  0.002264 0.0001805   0.01781        28       640    0.8901    0.9473    0.9133    0.6906   0.02703  0.005595  0.003369
   213/499     2.58G   0.01532  0.002259 0.0001694   0.01775        38       640    0.8918    0.9456    0.9137    0.6907   0.02703  0.005599   0.00336
   214/499     2.58G   0.01557  0.002281  0.000152   0.01801        39       640    0.8895    0.9472    0.9144    0.6919   0.02704  0.005599  0.003352
   215/499     2.58G   0.01547  0.002284 0.0001959   0.01795        22       640    0.8899    0.9473    0.9141    0.6907   0.02704  0.005602  0.003344
   216/499     2.58G   0.01529   0.00227 0.0001471   0.01771        27       640    0.8898    0.9472    0.9135    0.6894   0.02705  0.005604  0.003343
   217/499     2.58G   0.01536  0.002243 0.0001464   0.01775        38       640    0.8888    0.9473    0.9138    0.6894   0.02706  0.005605  0.003338
   218/499     2.58G   0.01518  0.002277 0.0001617   0.01762        37       640    0.9081     0.925    0.9139    0.6896   0.02706   0.00561  0.003336
   219/499     2.58G   0.01516  0.002251 0.0001709   0.01759        22       640    0.9082    0.9254    0.9142    0.6898   0.02707  0.005613  0.003342
   220/499     2.58G    0.0153  0.002253 0.0001868   0.01774        40       640    0.8949    0.9385    0.9141    0.6892   0.02709  0.005614  0.003345
   221/499     2.58G   0.01511  0.002243 0.0001591   0.01752        39       640    0.8895    0.9444    0.9139    0.6893   0.02711  0.005617  0.003342
   222/499     2.58G   0.01517  0.002271 0.0001826   0.01762        33       640    0.8896    0.9445    0.9144    0.6904   0.02713   0.00562  0.003343
   223/499     2.58G   0.01515  0.002228 0.0001389   0.01752        29       640    0.8896    0.9443    0.9145    0.6902   0.02715  0.005624   0.00334
   224/499     2.58G   0.01525  0.002262 0.0001523   0.01767        36       640    0.8896    0.9443    0.9152    0.6905   0.02717  0.005626  0.003335
   225/499     2.58G   0.01512   0.00222 0.0001461   0.01749        40       640    0.8895    0.9446    0.9151    0.6899   0.02718  0.005629  0.003335
   226/499     2.58G   0.01506  0.002245 0.0001609   0.01747        33       640    0.8887    0.9438    0.9147    0.6904    0.0272   0.00563  0.003333
   227/499     2.58G   0.01509  0.002236 0.0001446   0.01747        38       640    0.8878    0.9437    0.9152    0.6895    0.0272  0.005629  0.003326
   228/499     2.58G   0.01507  0.002235 0.0001773   0.01748        49       640     0.892     0.939    0.9149      0.69   0.02721  0.005632  0.003322
   229/499     2.58G   0.01496   0.00224 0.0001631   0.01737        40       640    0.8932    0.9395    0.9148    0.6896   0.02721  0.005633  0.003316
   230/499     2.58G   0.01499  0.002229 0.0001834    0.0174        43       640     0.895    0.9392    0.9143    0.6908   0.02721  0.005634  0.003312
   231/499     2.58G   0.01499  0.002237 0.0001212   0.01735        31       640    0.8975     0.939    0.9147    0.6908   0.02721  0.005636  0.003313
   232/499     2.58G   0.01486  0.002218 0.0001479   0.01723        35       640    0.8981     0.939    0.9137    0.6904   0.02721  0.005639   0.00331
   233/499     2.58G   0.01507   0.00224 0.0001646   0.01747        35       640    0.8987    0.9387    0.9136    0.6909    0.0272   0.00564  0.003307
   234/499     2.58G   0.01494  0.002214  0.000196   0.01735        21       640    0.8892    0.9451    0.9139    0.6913   0.02719   0.00564  0.003304
   235/499     2.58G   0.01488  0.002228 0.0001635   0.01727        30       640    0.8972    0.9349    0.9138    0.6914   0.02719  0.005642    0.0033
   236/499     2.58G   0.01498  0.002229 0.0001651   0.01738        23       640    0.8911    0.9401     0.914    0.6907   0.02719  0.005643  0.003295
   237/499     2.58G   0.01485  0.002188 0.0001277   0.01716        42       640     0.888    0.9443    0.9138     0.691   0.02718  0.005644  0.003289
   238/499     2.58G   0.01483  0.002197 0.0001651   0.01719        47       640    0.8884    0.9445    0.9127    0.6904   0.02718  0.005644  0.003282
   239/499     2.58G   0.01489   0.00222 0.0001823   0.01729        44       640    0.8887    0.9425    0.9136    0.6911   0.02717   0.00564  0.003278
   240/499     2.58G   0.01477  0.002208 0.0001754   0.01715        40       640     0.896    0.9327    0.9135    0.6907   0.02716   0.00564  0.003275
   241/499     2.58G   0.01471  0.002199 0.0001813   0.01709        23       640    0.8988    0.9344    0.9148    0.6902   0.02717  0.005641  0.003273
   242/499     2.58G   0.01469  0.002191 0.0001643   0.01704        55       640    0.8977    0.9367    0.9141    0.6904   0.02716  0.005641  0.003277
   243/499     2.58G   0.01472  0.002176 0.0001394   0.01703        31       640    0.8976    0.9366    0.9145    0.6904   0.02715  0.005642   0.00328
   244/499     2.58G   0.01474  0.002194 0.0001309   0.01706        41       640    0.8964    0.9336    0.9135    0.6913   0.02715  0.005648  0.003278
   245/499     2.58G   0.01473  0.002202 0.0001465   0.01707        35       640    0.8962     0.934    0.9124      0.69   0.02716  0.005648  0.003271
   246/499     2.58G   0.01453  0.002213 0.0001326   0.01687        40       640    0.8888     0.941    0.9118    0.6903   0.02716   0.00565  0.003272
   247/499     2.58G    0.0146  0.002184 0.0001491   0.01693        41       640    0.8889    0.9441    0.9116    0.6907   0.02715   0.00565   0.00327
   248/499     2.58G   0.01452  0.002216 0.0001575   0.01689        41       640    0.8922    0.9427    0.9116      0.69   0.02715  0.005648  0.003265
   249/499     2.58G   0.01455   0.00216 0.0001303   0.01684        19       640    0.8915    0.9437    0.9117    0.6896   0.02714  0.005648  0.003262
   250/499     2.58G   0.01451  0.002186 0.0001581   0.01686        41       640    0.8916    0.9431    0.9116    0.6881   0.02713  0.005647  0.003252
   251/499     2.58G   0.01444  0.002167 0.0001487   0.01676        27       640     0.892    0.9436    0.9114     0.689   0.02712  0.005643  0.003254
   252/499     2.58G   0.01443  0.002148 0.0001211    0.0167        36       640    0.8919    0.9435    0.9131      0.69    0.0271  0.005644  0.003256
   253/499     2.58G   0.01422  0.002177 0.0001392   0.01654        43       640    0.9018    0.9342    0.9135    0.6896   0.02709  0.005644  0.003254
   254/499     2.58G   0.01435  0.002182 0.0001554   0.01669        28       640    0.8979    0.9367    0.9133    0.6892   0.02708  0.005643  0.003249
   255/499     2.58G   0.01426  0.002169 0.0001232   0.01656        35       640     0.898    0.9369     0.913    0.6879   0.02708  0.005645  0.003248
   256/499     2.58G    0.0144  0.002137 0.0001367   0.01668        42       640    0.9055    0.9288    0.9126    0.6895   0.02709  0.005649  0.003247
   257/499     2.58G    0.0145  0.002168 0.0001508   0.01681        34       640    0.9064    0.9285    0.9116    0.6886   0.02708  0.005646  0.003244
   258/499     2.58G   0.01429  0.002191 0.0001397   0.01662        30       640    0.9043    0.9347    0.9106    0.6881   0.02708  0.005643  0.003241
   259/499     2.58G   0.01422  0.002162 0.0001447   0.01653        42       640    0.9044    0.9347    0.9103    0.6876   0.02708  0.005642  0.003239
   260/499     2.58G   0.01421   0.00215 0.0001579   0.01651        46       640     0.907    0.9279    0.9102    0.6876   0.02708  0.005641  0.003237
   261/499     2.58G   0.01418  0.002128  0.000136   0.01645        40       640    0.9069    0.9282    0.9108    0.6887   0.02709  0.005642  0.003235
   262/499     2.58G   0.01413  0.002127 0.0001499   0.01641        35       640     0.906    0.9272     0.911    0.6884    0.0271  0.005642  0.003232
   263/499     2.58G    0.0141   0.00214 0.0001608    0.0164        33       640    0.9062    0.9261    0.9111    0.6883   0.02711  0.005641  0.003226
   264/499     2.58G    0.0142  0.002174 0.0001326    0.0165        29       640    0.9056    0.9292    0.9121    0.6893   0.02712  0.005639  0.003225
   265/499     2.58G   0.01418  0.002141 0.0001165   0.01644        33       640    0.8912    0.9465    0.9121     0.688   0.02711   0.00564  0.003222
   266/499     2.58G   0.01397  0.002144 0.0001352   0.01625        42       640    0.8915    0.9443    0.9121    0.6888   0.02712  0.005641  0.003221
   267/499     2.58G   0.01401  0.002142 0.0001424   0.01629        34       640    0.8896    0.9446    0.9123    0.6873   0.02713  0.005642   0.00322
   268/499     2.58G   0.01396  0.002122 0.0001406   0.01622        26       640    0.8864    0.9467    0.9126     0.688   0.02713  0.005646  0.003216
   269/499     2.58G   0.01389   0.00212 0.0001196   0.01613        39       640    0.8863    0.9467    0.9126    0.6878   0.02714  0.005646  0.003214
   270/499     2.58G   0.01403  0.002128 0.0001323   0.01629        38       640    0.8863    0.9467     0.912    0.6868   0.02716  0.005648  0.003209
   271/499     2.58G   0.01396  0.002119 0.0001385   0.01622        35       640    0.8862    0.9466    0.9123    0.6874   0.02718  0.005654  0.003207
   272/499     2.58G   0.01398  0.002139 0.0001556   0.01627        36       640    0.8862    0.9467    0.9125    0.6859    0.0272  0.005657  0.003202
   273/499     2.58G    0.0139  0.002112 0.0001683   0.01618        41       640    0.8864    0.9467    0.9117    0.6859   0.02722   0.00566  0.003201
   274/499     2.58G   0.01377  0.002121 0.0001657   0.01606        37       640    0.8844    0.9467    0.9119    0.6858   0.02723  0.005663  0.003199
   275/499     2.58G    0.0139  0.002116 0.0001072   0.01612        35       640    0.8844    0.9467    0.9122    0.6864   0.02725  0.005664  0.003195
   276/499     2.58G   0.01383   0.00212 0.0001089   0.01606        29       640    0.8822     0.949    0.9113    0.6853   0.02727  0.005665  0.003191
   277/499     2.58G   0.01376  0.002079 0.0001291   0.01597        33       640    0.8824     0.949    0.9113     0.686    0.0273  0.005668   0.00319
   278/499     2.58G   0.01373  0.002105 0.0001245   0.01596        40       640    0.8825    0.9491    0.9114    0.6856   0.02731   0.00567  0.003189
   279/499     2.58G   0.01367  0.002121 0.0001445   0.01594        22       640    0.8825    0.9485    0.9114    0.6853   0.02731  0.005669  0.003181
   280/499     2.58G   0.01367  0.002092 9.984e-05   0.01586        37       640     0.886     0.945    0.9108    0.6857   0.02731  0.005672  0.003175
   281/499     2.58G   0.01355  0.002127 0.0001392   0.01582        43       640    0.8842    0.9469     0.911    0.6856   0.02733  0.005672  0.003174
   282/499     2.58G   0.01372  0.002088 0.0001333   0.01594        35       640    0.8841    0.9473     0.911    0.6851   0.02733  0.005673  0.003171
   283/499     2.58G   0.01364  0.002093 0.0001365   0.01586        33       640    0.8961    0.9319    0.9109    0.6853   0.02734  0.005673  0.003171
   284/499     2.58G   0.01348  0.002089 0.0001245    0.0157        44       640    0.8962    0.9316     0.911    0.6849   0.02735  0.005675   0.00317
   285/499     2.58G   0.01359  0.002087  0.000135   0.01581        29       640     0.896    0.9327    0.9111    0.6845   0.02736  0.005677  0.003166
   286/499     2.58G   0.01345  0.002087 0.0001117   0.01565        33       640    0.8953    0.9332    0.9121     0.686   0.02737  0.005679  0.003164
   287/499     2.58G   0.01344  0.002099  0.000148   0.01569        33       640    0.8936    0.9317    0.9073    0.6847   0.02737  0.005681  0.003161
   288/499     2.58G   0.01345  0.002082 0.0001656    0.0157        49       640    0.8935    0.9324    0.9066    0.6844   0.02737  0.005684  0.003161
   289/499     2.58G   0.01345  0.002078  0.000117   0.01565        43       640    0.8937    0.9327    0.9071    0.6847   0.02739  0.005686  0.003159
   290/499     2.58G   0.01344  0.002086 0.0001521   0.01568        37       640    0.8932    0.9308    0.9066    0.6848   0.02739  0.005687  0.003152
   291/499     2.58G   0.01349  0.002081 0.0001128   0.01569        34       640    0.8917    0.9281    0.9044    0.6834   0.02739  0.005686  0.003147
   292/499     2.58G   0.01331  0.002056 0.0001149   0.01548        40       640    0.8915    0.9277    0.9066    0.6852   0.02738  0.005689  0.003145
   293/499     2.58G    0.0133  0.002057 0.0001275   0.01549        45       640    0.8911    0.9279    0.9068    0.6854   0.02737   0.00569  0.003142
   294/499     2.58G    0.0133  0.002093 0.0001214   0.01551        43       640     0.891    0.9277    0.9079     0.686   0.02738  0.005693  0.003143
   295/499     2.58G   0.01344  0.002063 0.0001175   0.01562        36       640    0.8875    0.9307    0.9086    0.6859   0.02739  0.005695  0.003143
   296/499     2.58G    0.0132  0.002058 0.0001226   0.01538        36       640    0.8892    0.9285    0.9088    0.6858   0.02741  0.005699  0.003146
   297/499     2.58G    0.0132  0.002084 0.0001437   0.01543        21       640     0.887    0.9324    0.9085    0.6855   0.02741    0.0057  0.003147
   298/499     2.58G   0.01317   0.00205 0.0001376   0.01536        31       640     0.887    0.9329     0.908    0.6854   0.02741  0.005703  0.003147
   299/499     2.58G   0.01327  0.002062 0.0001205   0.01546        31       640    0.8865    0.9331    0.9077    0.6848   0.02741  0.005707  0.003146
   300/499     2.58G    0.0132  0.002063 0.0001561   0.01542        35       640    0.8904    0.9325    0.9089    0.6852   0.02741  0.005709  0.003148
   301/499     2.58G   0.01305  0.002028 0.0001227    0.0152        46       640    0.8921    0.9322    0.9087    0.6853   0.02742  0.005715  0.003147
   302/499     2.58G   0.01311  0.002024 0.0001226   0.01526        31       640    0.8922    0.9324    0.9088     0.685   0.02742  0.005716  0.003145
   303/499     2.58G   0.01295   0.00203 0.0001246   0.01511        20       640    0.8901    0.9331     0.909    0.6845   0.02742  0.005718  0.003148
   304/499     2.58G   0.01302  0.002016   0.00012   0.01516        32       640    0.8901    0.9324    0.9088    0.6845   0.02743   0.00572  0.003145
   305/499     2.58G   0.01305  0.002024 0.0001083   0.01519        26       640    0.8904    0.9321    0.9079    0.6838   0.02745  0.005727  0.003144
   306/499     2.58G   0.01282  0.002037 0.0001364   0.01499        32       640    0.9016    0.9195    0.9076    0.6846   0.02746  0.005729  0.003144
   307/499     2.58G   0.01281   0.00201 0.0001092   0.01493        26       640    0.9014    0.9194    0.9079     0.685   0.02748  0.005732  0.003142
   308/499     2.58G   0.01293  0.002008 0.0001032   0.01504        24       640    0.9011    0.9194    0.9077     0.685   0.02749  0.005737  0.003139
   309/499     2.58G    0.0128  0.002003 0.0001132   0.01492        33       640    0.8915    0.9295     0.909    0.6842    0.0275  0.005741  0.003136
   310/499     2.58G   0.01282  0.002028 0.0001269   0.01498        23       640    0.9022    0.9159    0.9055    0.6844   0.02751  0.005743  0.003138
   311/499     2.58G   0.01271  0.002012 9.953e-05   0.01482        52       640    0.9024    0.9159     0.905    0.6843   0.02753  0.005746  0.003138
   312/499     2.58G   0.01277  0.002023 0.0001167   0.01491        35       640    0.9009    0.9159    0.9043    0.6826   0.02754  0.005749  0.003138
   313/499     2.58G   0.01263  0.001978 0.0001262   0.01473        38       640    0.8881    0.9311    0.9037    0.6829   0.02756  0.005753  0.003135
   314/499     2.58G   0.01278  0.001992 0.0001275    0.0149        40       640    0.8878    0.9313    0.9047    0.6832   0.02756  0.005756  0.003132
   315/499     2.58G   0.01279   0.00199 0.0001432   0.01492        38       640    0.8878    0.9313    0.9042    0.6821   0.02757  0.005757   0.00313
   316/499     2.58G   0.01262  0.002009  0.000136   0.01476        38       640    0.8809    0.9405    0.9039    0.6829   0.02757  0.005761  0.003128
   317/499     2.58G   0.01262   0.00201 0.0001247   0.01475        31       640    0.8849    0.9371    0.9046     0.684   0.02757  0.005763  0.003127
   318/499     2.58G   0.01259  0.002007 0.0001164   0.01471        37       640    0.8821    0.9396    0.9049     0.684   0.02757  0.005769  0.003127
   319/499     2.58G   0.01261  0.001968 9.919e-05   0.01468        31       640    0.8838    0.9407     0.905    0.6846   0.02758  0.005773  0.003128
   320/499     2.58G   0.01254  0.002002 9.433e-05   0.01463        24       640    0.8841    0.9408     0.905    0.6851   0.02759  0.005774  0.003127
   321/499     2.58G   0.01256  0.001974 0.0001198   0.01465        30       640     0.884    0.9408     0.905    0.6859   0.02758   0.00578  0.003125
   322/499     2.58G   0.01241   0.00199 9.325e-05    0.0145        37       640    0.8825    0.9408    0.9059     0.688   0.02758  0.005783  0.003124
   323/499     2.58G   0.01245   0.00196  0.000107   0.01452        32       640    0.8826    0.9402    0.9061     0.688   0.02757  0.005786  0.003121
   324/499     2.58G   0.01232  0.001957 0.0001207    0.0144        36       640    0.8826    0.9403    0.9067    0.6882   0.02758  0.005789   0.00312
   325/499     2.58G   0.01239  0.001975 9.296e-05   0.01446        45       640    0.8825    0.9396    0.9067    0.6884   0.02758  0.005789  0.003121
   326/499     2.58G   0.01223  0.001955 0.0001176    0.0143        41       640    0.8826    0.9401    0.9069    0.6889   0.02758  0.005791   0.00312
   327/499     2.58G   0.01233  0.001982 0.0001204   0.01444        43       640    0.8825    0.9392     0.906    0.6882   0.02758  0.005793  0.003118
   328/499     2.58G   0.01222  0.001935 7.347e-05   0.01423        34       640    0.8846    0.9359    0.9054     0.687    0.0276  0.005798  0.003114
   329/499     2.58G   0.01223  0.001975 9.809e-05   0.01431        24       640     0.886    0.9385    0.9059    0.6875    0.0276  0.005802  0.003111
   330/499     2.58G   0.01222  0.001956 0.0001436   0.01432        33       640    0.8857    0.9369    0.9063    0.6883   0.02761  0.005807  0.003105
   331/499     2.58G   0.01227  0.001946 0.0001138   0.01433        35       640    0.8874     0.938     0.907    0.6883   0.02761  0.005811  0.003098
   332/499     2.58G   0.01211   0.00194 0.0001194   0.01417        40       640    0.8891    0.9391    0.9103    0.6884   0.02761  0.005816  0.003096
   333/499     2.58G   0.01217  0.001943  0.000109   0.01422        30       640    0.8847    0.9413    0.9111    0.6899   0.02761  0.005819  0.003094
   334/499     2.58G   0.01205  0.001944 9.246e-05   0.01409        29       640    0.8886    0.9356    0.9106    0.6887   0.02762  0.005826  0.003094
   335/499     2.58G   0.01208  0.001914 7.525e-05   0.01407        35       640    0.8822    0.9413     0.911    0.6882   0.02763  0.005834  0.003091
   336/499     2.58G   0.01207  0.001929  9.27e-05   0.01409        34       640    0.8851    0.9378    0.9108    0.6881   0.02763  0.005843  0.003088
   337/499     2.58G   0.01197  0.001884 8.653e-05   0.01394        34       640    0.8851    0.9377    0.9101    0.6869   0.02763  0.005851  0.003088
   338/499     2.58G   0.01208  0.001901 9.495e-05   0.01407        34       640    0.8851    0.9376    0.9104    0.6871   0.02763  0.005861  0.003086
   339/499     2.58G   0.01203  0.001909 9.509e-05   0.01404        31       640    0.8851    0.9375    0.9101    0.6871   0.02763   0.00587  0.003084
   340/499     2.58G   0.01202  0.001933  9.55e-05   0.01404        45       640     0.885    0.9377    0.9105    0.6876   0.02765  0.005879  0.003083
   341/499     2.58G   0.01188  0.001919 0.0001182   0.01392        47       640     0.885    0.9376    0.9111    0.6878   0.02767  0.005887  0.003084
   342/499     2.58G   0.01187  0.001909 8.052e-05   0.01386        46       640    0.8901    0.9315    0.9103    0.6873   0.02769  0.005897  0.003084
   343/499     2.58G   0.01194  0.001915 0.0001075   0.01396        40       640    0.8901    0.9313    0.9102    0.6877   0.02771  0.005906  0.003084
   344/499     2.58G   0.01183  0.001909 9.753e-05   0.01383        26       640    0.8805    0.9425      0.91     0.687   0.02773  0.005913  0.003081
   345/499     2.58G   0.01178  0.001901 0.0001072   0.01379        28       640     0.892    0.9305    0.9102    0.6867   0.02774   0.00592  0.003077
   346/499     2.58G   0.01177   0.00192 0.0001052   0.01379        44       640    0.8817    0.9414    0.9099    0.6865   0.02776  0.005925  0.003074
   347/499     2.58G   0.01168  0.001892 9.601e-05   0.01367        46       640     0.881    0.9413    0.9101    0.6846   0.02777  0.005932  0.003072
   348/499     2.58G   0.01169  0.001889 0.0001231    0.0137        34       640      0.88    0.9427    0.9102    0.6855   0.02778  0.005937  0.003072
   349/499     2.58G   0.01178  0.001871 0.0001338   0.01378        31       640    0.8796    0.9428    0.9104    0.6856   0.02779  0.005942  0.003069
   350/499     2.58G   0.01179  0.001894 0.0001212    0.0138        32       640    0.8814    0.9401    0.9105    0.6857    0.0278  0.005949  0.003068
   351/499     2.58G   0.01172  0.001861 9.296e-05   0.01367        38       640    0.8816    0.9401    0.9106     0.686    0.0278  0.005958  0.003066
   352/499     2.58G   0.01161  0.001883 9.615e-05   0.01359        44       640    0.8819     0.939      0.91    0.6863    0.0278  0.005965  0.003062
   353/499     2.58G   0.01157   0.00187 9.457e-05   0.01353        39       640     0.882    0.9392    0.9104    0.6858   0.02781  0.005973  0.003053
   354/499     2.58G   0.01155  0.001854 0.0001053   0.01351        30       640    0.8819    0.9391    0.9107    0.6865   0.02781  0.005982  0.003048
   355/499     2.58G   0.01142  0.001846 8.639e-05   0.01335        51       640    0.8819    0.9391    0.9104    0.6857   0.02781  0.005992  0.003043
   356/499     2.58G   0.01154  0.001863 9.458e-05    0.0135        34       640    0.8818    0.9388    0.9106    0.6845   0.02781  0.006003  0.003039
   357/499     2.58G   0.01148  0.001873 9.829e-05   0.01345        44       640    0.8818    0.9386    0.9099    0.6839   0.02782  0.006012  0.003036
   358/499     2.58G   0.01142  0.001869 9.412e-05   0.01339        41       640    0.8819    0.9384    0.9101    0.6838   0.02783  0.006021  0.003035
   359/499     2.58G   0.01146  0.001849 0.0001127   0.01342        41       640    0.8819    0.9384    0.9111    0.6832   0.02783  0.006033  0.003034
   360/499     2.58G   0.01128   0.00184 7.278e-05    0.0132        33       640     0.878    0.9437     0.911    0.6826   0.02782  0.006044  0.003033
   361/499     2.58G   0.01137  0.001837 8.277e-05   0.01329        29       640    0.8819     0.939    0.9105    0.6823   0.02782  0.006052  0.003035
   362/499     2.58G   0.01124  0.001851 0.0001075    0.0132        24       640    0.8794    0.9444    0.9105    0.6821   0.02784  0.006059  0.003035
   363/499     2.58G   0.01144  0.001836 8.562e-05   0.01336        31       640    0.8779    0.9472    0.9105    0.6828   0.02785  0.006067   0.00303
   364/499     2.58G   0.01129  0.001831 9.736e-05   0.01321        27       640    0.8778    0.9468    0.9106    0.6832   0.02786  0.006073  0.003028
   365/499     2.58G   0.01126  0.001845 8.064e-05   0.01318        30       640    0.8811    0.9485    0.9142    0.6836   0.02786  0.006077  0.003025
   366/499     2.58G   0.01126  0.001831 8.914e-05   0.01318        26       640     0.881    0.9485    0.9143    0.6837   0.02787  0.006082  0.003023
   367/499     2.58G   0.01117  0.001817  9.74e-05   0.01309        36       640    0.8781    0.9501    0.9143     0.684   0.02788  0.006086  0.003021
   368/499     2.58G   0.01105  0.001824 7.022e-05   0.01294        34       640    0.8781    0.9509    0.9141    0.6843   0.02789  0.006092   0.00302
   369/499     2.58G   0.01104  0.001818 7.235e-05   0.01293        32       640    0.8781    0.9502    0.9147    0.6852    0.0279  0.006098   0.00302
   370/499     2.58G   0.01105  0.001812 9.924e-05   0.01297        38       640    0.8991    0.9258    0.9147    0.6847   0.02791  0.006107  0.003021
   371/499     2.58G   0.01119  0.001817 8.797e-05   0.01309        48       640    0.8817    0.9471    0.9144    0.6853   0.02792  0.006113  0.003024
   372/499     2.58G     0.011  0.001823 0.0001023   0.01292        22       640    0.8816    0.9469    0.9139    0.6848   0.02793  0.006121  0.003025
   373/499     2.58G   0.01108  0.001828 0.0001047   0.01301        34       640    0.8818    0.9473    0.9144    0.6846   0.02794  0.006127  0.003025
   374/499     2.58G   0.01102  0.001796 9.572e-05   0.01291        37       640    0.8801    0.9454    0.9107    0.6839   0.02795  0.006132  0.003025
   375/499     2.58G   0.01107  0.001778 9.754e-05   0.01295        42       640    0.8801    0.9455    0.9107    0.6839   0.02797  0.006138  0.003023
   376/499     2.58G   0.01093  0.001788 7.665e-05    0.0128        31       640    0.8778    0.9489    0.9108     0.684   0.02798  0.006144  0.003022
   377/499     2.58G   0.01085  0.001806 8.704e-05   0.01274        45       640    0.8777    0.9489    0.9107     0.684   0.02799   0.00615  0.003022
   378/499     2.58G   0.01083    0.0018 7.919e-05   0.01271        37       640    0.8777    0.9488    0.9109    0.6835     0.028  0.006157  0.003021
   379/499     2.58G   0.01085  0.001769 8.526e-05   0.01271        37       640    0.8971    0.9254    0.9106     0.683   0.02802  0.006165  0.003022
   380/499     2.58G   0.01082  0.001784  5.52e-05   0.01266        26       640    0.8784    0.9456    0.9103     0.683   0.02803  0.006174  0.003022
   381/499     2.58G   0.01084  0.001769 7.405e-05   0.01269        28       640    0.8784    0.9454    0.9106    0.6834   0.02804  0.006182  0.003023
   382/499     2.58G   0.01071  0.001775 8.346e-05   0.01257        38       640    0.8783    0.9454    0.9107    0.6828   0.02805  0.006189  0.003023
   383/499     2.58G   0.01078  0.001784 7.577e-05   0.01264        29       640    0.8799    0.9437    0.9108    0.6829   0.02807  0.006198  0.003022
   384/499     2.58G   0.01071   0.00175 7.611e-05   0.01254        33       640    0.8763     0.949    0.9101     0.682    0.0281  0.006206   0.00302
   385/499     2.58G   0.01069  0.001774 8.389e-05   0.01255        26       640    0.8763     0.949     0.911    0.6825    0.0281  0.006213  0.003019
   386/499     2.58G   0.01062  0.001771 9.999e-05   0.01249        41       640    0.8812    0.9487    0.9126    0.6828   0.02812   0.00622   0.00302
   387/499     2.58G   0.01065  0.001754 5.958e-05   0.01247        29       640    0.8793     0.949    0.9121    0.6819   0.02812  0.006224  0.003018
   388/499     2.58G   0.01055  0.001755 8.432e-05   0.01238        44       640    0.8781    0.9508    0.9118    0.6826   0.02812  0.006229  0.003018
   389/499     2.58G   0.01055  0.001733 9.221e-05   0.01238        33       640    0.8765    0.9491    0.9126    0.6834   0.02811  0.006234  0.003018
   390/499     2.58G   0.01055   0.00175 8.509e-05   0.01239        41       640     0.878    0.9473     0.913     0.683   0.02812  0.006238  0.003017
   391/499     2.58G   0.01066   0.00174 9.823e-05    0.0125        39       640    0.8838    0.9447     0.913    0.6831   0.02812  0.006241  0.003016
   392/499     2.58G   0.01059  0.001723 7.131e-05   0.01239        35       640     0.884    0.9448     0.913    0.6825   0.02812  0.006244  0.003014
   393/499     2.58G   0.01039  0.001722 8.154e-05   0.01219        32       640    0.8845    0.9448    0.9128     0.683   0.02813  0.006249  0.003014
   394/499     2.58G    0.0104  0.001731 8.738e-05   0.01221        37       640    0.8863    0.9447    0.9131    0.6826   0.02813  0.006254  0.003013
   395/499     2.58G   0.01044  0.001715 9.953e-05   0.01226        42       640    0.8833    0.9456    0.9131    0.6822   0.02812  0.006258  0.003013
   396/499     2.58G   0.01037  0.001717 7.523e-05   0.01216        25       640    0.8854    0.9475    0.9151    0.6833   0.02811  0.006263  0.003013
   397/499     2.58G   0.01032  0.001716  7.92e-05   0.01212        43       640    0.8881    0.9472    0.9149    0.6832   0.02811  0.006271  0.003011
   398/499     2.58G   0.01028  0.001747 7.236e-05    0.0121        38       640    0.8866     0.948    0.9146    0.6827   0.02811  0.006278   0.00301
   399/499     2.58G   0.01038  0.001728 7.664e-05   0.01218        44       640    0.8803    0.9539    0.9146    0.6832   0.02811  0.006285  0.003009
   400/499     2.58G   0.01026  0.001698 8.797e-05   0.01204        41       640     0.888    0.9455    0.9143    0.6822   0.02811  0.006288  0.003009
   401/499     2.58G   0.01027  0.001715 7.397e-05   0.01206        32       640    0.8871    0.9448    0.9142    0.6829    0.0281  0.006294  0.003007
   402/499     2.58G   0.01037  0.001708 8.333e-05   0.01216        39       640    0.8869    0.9448    0.9147    0.6827    0.0281    0.0063  0.003008
   403/499     2.58G   0.01031  0.001709 9.519e-05   0.01211        41       640    0.8869    0.9455    0.9141     0.682    0.0281  0.006306  0.003009
   404/499     2.58G   0.01017  0.001689 6.616e-05   0.01192        26       640    0.8837    0.9482    0.9141    0.6832    0.0281  0.006311  0.003008
   405/499     2.58G   0.01018  0.001693  8.54e-05   0.01196        40       640    0.8852    0.9518     0.914     0.683    0.0281  0.006319  0.003005
   406/499     2.58G   0.01015  0.001684 6.613e-05    0.0119        32       640    0.8853    0.9514    0.9138    0.6822   0.02809  0.006325  0.003003
   407/499     2.58G   0.01015  0.001702 9.432e-05   0.01194        41       640    0.8852    0.9505    0.9136    0.6823   0.02809  0.006333  0.003002
   408/499     2.58G   0.01001  0.001685 6.862e-05   0.01177        28       640    0.8882    0.9471    0.9138    0.6828    0.0281   0.00634     0.003
   409/499     2.58G    0.0102  0.001672  6.36e-05   0.01193        34       640    0.8868     0.949    0.9146    0.6828   0.02812  0.006348  0.002999
   410/499     2.58G   0.01011  0.001665 5.751e-05   0.01184        30       640    0.8881    0.9476    0.9146    0.6825   0.02813  0.006352  0.002997
   411/499     2.58G   0.00989  0.001681 9.016e-05   0.01166        33       640    0.8855    0.9509    0.9148    0.6824   0.02814   0.00636  0.002994
   412/499     2.58G  0.009996  0.001672 7.986e-05   0.01175        33       640    0.8875    0.9479    0.9143    0.6829   0.02815  0.006366  0.002993
   413/499     2.58G  0.009904  0.001676 6.668e-05   0.01165        40       640    0.8812    0.9509    0.9126    0.6828   0.02816  0.006371  0.002991
   414/499     2.58G  0.009901  0.001674 6.853e-05   0.01164        40       640    0.8836    0.9526    0.9146    0.6832   0.02816  0.006376   0.00299
   415/499     2.58G  0.009858   0.00169 9.462e-05   0.01164        42       640    0.8833    0.9526     0.915    0.6831   0.02816  0.006381  0.002991
   416/499     2.58G  0.009931  0.001677 7.191e-05   0.01168        27       640    0.8851    0.9544    0.9176    0.6841   0.02817  0.006385  0.002989
   417/499     2.58G  0.009797  0.001661 5.779e-05   0.01152        30       640    0.8848    0.9541    0.9175     0.684   0.02817  0.006388  0.002986
   418/499     2.58G  0.009807  0.001637 5.156e-05    0.0115        35       640    0.8877    0.9508    0.9178    0.6843   0.02818  0.006392  0.002984
   419/499     2.58G  0.009781  0.001656 7.181e-05   0.01151        39       640    0.8866    0.9507    0.9175    0.6842   0.02819  0.006398  0.002984
   420/499     2.58G  0.009789   0.00166 6.017e-05   0.01151        24       640     0.887    0.9508    0.9177    0.6841    0.0282  0.006402  0.002984
   421/499     2.58G  0.009754  0.001637 7.222e-05   0.01146        36       640     0.887    0.9508     0.918    0.6841   0.02821  0.006405  0.002982
   422/499     2.58G  0.009807  0.001667 7.963e-05   0.01155        41       640    0.8883    0.9501    0.9183    0.6844   0.02821  0.006411  0.002983
   423/499     2.58G  0.009768  0.001641 7.154e-05   0.01148        41       640    0.8883    0.9505    0.9182    0.6845   0.02822  0.006416  0.002981
   424/499     2.58G  0.009703   0.00165 6.774e-05   0.01142        38       640    0.8864    0.9508    0.9188    0.6844   0.02822  0.006421  0.002978
   425/499     2.58G  0.009722  0.001623 6.705e-05   0.01141        39       640    0.8829    0.9572    0.9183    0.6837   0.02822  0.006428  0.002977
   426/499     2.58G  0.009637   0.00164 6.895e-05   0.01135        40       640    0.8828    0.9576    0.9191    0.6848   0.02821  0.006434  0.002977
   427/499     2.58G   0.00959  0.001628 8.703e-05    0.0113        27       640    0.8844    0.9577    0.9189    0.6851    0.0282  0.006439  0.002975
   428/499     2.58G  0.009652  0.001626 5.902e-05   0.01134        31       640    0.8844    0.9561    0.9185    0.6837    0.0282  0.006443  0.002976
   429/499     2.58G  0.009635  0.001629 6.532e-05   0.01133        29       640    0.8842    0.9562    0.9189    0.6843    0.0282  0.006449  0.002977
   430/499     2.58G  0.009673  0.001634   8.2e-05   0.01139        32       640    0.8838    0.9562    0.9195    0.6851   0.02819  0.006455  0.002977
   431/499     2.58G  0.009567  0.001621 6.704e-05   0.01126        29       640     0.889    0.9502      0.92    0.6854   0.02818  0.006463  0.002979
   432/499     2.58G   0.00955  0.001601 5.345e-05    0.0112        40       640    0.8898    0.9482    0.9203    0.6853   0.02818   0.00647   0.00298
   433/499     2.58G  0.009506  0.001629 8.464e-05   0.01122        34       640    0.8846     0.954    0.9209    0.6857   0.02819  0.006477  0.002981
   434/499     2.58G  0.009453  0.001633 5.741e-05   0.01114        29       640    0.8848    0.9544    0.9205    0.6854    0.0282  0.006482   0.00298
   435/499     2.58G  0.009448  0.001599   7.3e-05   0.01112        32       640    0.8865    0.9543    0.9197     0.685    0.0282  0.006488  0.002981
   436/499     2.58G  0.009453  0.001627 6.654e-05   0.01115        36       640    0.8867    0.9541    0.9199    0.6854   0.02821  0.006493  0.002981
   437/499     2.58G  0.009527  0.001599 7.499e-05    0.0112        35       640    0.8868    0.9539    0.9201    0.6859   0.02821  0.006498  0.002981
   438/499     2.58G   0.00942  0.001601  8.69e-05   0.01111        41       640    0.8869    0.9539    0.9199    0.6862   0.02821  0.006505  0.002983
   439/499     2.58G  0.009453  0.001633 6.589e-05   0.01115        25       640    0.8869     0.954      0.92    0.6871    0.0282   0.00651  0.002985
   440/499     2.58G  0.009377  0.001596 7.487e-05   0.01105        32       640    0.8856     0.954    0.9195    0.6861   0.02822  0.006518  0.002987
   441/499     2.58G  0.009384  0.001613 7.824e-05   0.01108        42       640    0.8857     0.954      0.92    0.6862   0.02823  0.006524  0.002988
   442/499     2.58G  0.009282  0.001575 5.494e-05   0.01091        44       640    0.8859     0.954    0.9198    0.6847   0.02825  0.006531  0.002988
   443/499     2.58G  0.009287  0.001602 6.285e-05   0.01095        30       640    0.8876    0.9518    0.9192    0.6837   0.02826  0.006538  0.002985
   444/499     2.58G  0.009226   0.00159 5.108e-05   0.01087        40       640    0.8857     0.954    0.9191    0.6834   0.02828  0.006545  0.002985
   445/499     2.58G  0.009315  0.001584 6.891e-05   0.01097        35       640    0.8856     0.954    0.9199    0.6835   0.02829  0.006551  0.002987
   446/499     2.58G  0.009276   0.00158 5.774e-05   0.01091        27       640    0.8856    0.9541    0.9194    0.6828   0.02829  0.006556  0.002988
   447/499     2.58G  0.009223  0.001561 5.115e-05   0.01083        46       640    0.8857    0.9541    0.9195    0.6829   0.02829  0.006561  0.002989
   448/499     2.58G  0.009188  0.001581 6.416e-05   0.01083        31       640    0.8861     0.954    0.9189    0.6829    0.0283   0.00657   0.00299
   449/499     2.58G  0.009164  0.001549 5.488e-05   0.01077        32       640    0.8859    0.9542    0.9192    0.6827   0.02831  0.006578  0.002992
   450/499     2.58G   0.00919  0.001582 6.701e-05   0.01084        37       640    0.9023    0.9336     0.919    0.6819   0.02832  0.006586  0.002994
   451/499     2.58G  0.009207  0.001571 6.488e-05   0.01084        31       640    0.9028    0.9336    0.9189    0.6828   0.02832  0.006593  0.002991
   452/499     2.58G  0.009147  0.001577 6.223e-05   0.01079        24       640    0.9028    0.9336     0.919    0.6834   0.02831  0.006599  0.002992
   453/499     2.58G  0.009148  0.001546 5.481e-05   0.01075        38       640    0.9028    0.9336    0.9191     0.684   0.02831  0.006605  0.002992
   454/499     2.58G  0.009138  0.001554 5.443e-05   0.01075        38       640    0.9032    0.9335     0.919    0.6841   0.02831  0.006611   0.00299
   455/499     2.58G  0.009131  0.001561 7.705e-05   0.01077        27       640    0.9031    0.9336    0.9189    0.6838   0.02831  0.006619  0.002989
   456/499     2.58G  0.009034  0.001549 5.536e-05   0.01064        17       640    0.8867    0.9526    0.9191    0.6836   0.02831  0.006627  0.002987
   457/499     2.58G  0.009018  0.001563 7.174e-05   0.01065        42       640    0.8872    0.9519    0.9188    0.6833   0.02831  0.006636  0.002987
   458/499     2.58G   0.00905  0.001527 7.269e-05   0.01065        32       640    0.8875    0.9519    0.9184    0.6819   0.02832  0.006644  0.002988
   459/499     2.58G  0.008972  0.001535  6.15e-05   0.01057        33       640    0.8875    0.9515    0.9186    0.6818   0.02832  0.006651  0.002989
   460/499     2.58G  0.009023  0.001544 6.096e-05   0.01063        43       640    0.8854    0.9525    0.9176    0.6817   0.02833  0.006659  0.002991
   461/499     2.58G     0.009  0.001533 7.184e-05   0.01061        29       640    0.8832    0.9561    0.9179    0.6813   0.02833  0.006667  0.002989
   462/499     2.58G  0.009053  0.001541 7.038e-05   0.01066        42       640    0.8839    0.9558    0.9178    0.6812   0.02834  0.006672  0.002989
   463/499     2.58G  0.008955  0.001555 6.995e-05   0.01058        40       640    0.8844    0.9555    0.9177    0.6805   0.02834  0.006678  0.002991
   464/499     2.58G  0.008924  0.001541 7.043e-05   0.01054        32       640    0.8848    0.9554    0.9178    0.6813   0.02834  0.006684  0.002992
   465/499     2.58G  0.008943   0.00155 6.669e-05   0.01056        24       640    0.8848    0.9553    0.9176    0.6817   0.02834  0.006688  0.002994
   466/499     2.58G  0.008969  0.001543 7.157e-05   0.01058        41       640    0.8848    0.9553    0.9177    0.6815   0.02834  0.006695  0.002995
   467/499     2.58G  0.008933  0.001527 6.555e-05   0.01053        22       640    0.8839    0.9544    0.9176    0.6823   0.02835  0.006703  0.002997
   468/499     2.58G  0.008896  0.001543 4.904e-05   0.01049        32       640    0.8833    0.9544    0.9171    0.6811   0.02836  0.006711  0.002998
   469/499     2.58G  0.008862  0.001544 6.472e-05   0.01047        36       640    0.8835    0.9543     0.917    0.6808   0.02836  0.006719  0.002996
   470/499     2.58G  0.008835  0.001528 6.256e-05   0.01042        33       640    0.8833    0.9544    0.9168    0.6811   0.02836  0.006725  0.002993
   471/499     2.58G   0.00888  0.001534 6.529e-05   0.01048        27       640    0.8827    0.9547    0.9171    0.6815   0.02837  0.006735   0.00299
   472/499     2.58G  0.008862  0.001528 6.331e-05   0.01045        40       640    0.8888    0.9496    0.9167    0.6812   0.02838  0.006745  0.002987
   473/499     2.58G   0.00883  0.001528  5.01e-05   0.01041        45       640    0.8892     0.949     0.917    0.6806   0.02838  0.006755  0.002983
   474/499     2.58G  0.008774   0.00151 6.543e-05   0.01035        33       640    0.8897    0.9487    0.9173    0.6807   0.02838  0.006763  0.002982
   475/499     2.58G  0.008776  0.001517 6.047e-05   0.01035        36       640      0.89    0.9487    0.9168    0.6814   0.02838  0.006772  0.002978
   476/499     2.58G  0.008766  0.001503 5.705e-05   0.01033        38       640    0.8901    0.9485     0.917    0.6811   0.02838   0.00678  0.002976
   477/499     2.58G  0.008762  0.001526 5.973e-05   0.01035        26       640    0.8898    0.9476    0.9169    0.6816   0.02838  0.006785  0.002977
   478/499     2.58G  0.008824  0.001497 5.455e-05   0.01038        27       640    0.8882    0.9485    0.9167    0.6819   0.02839  0.006792  0.002977
   479/499     2.58G  0.008882  0.001512 6.189e-05   0.01046        31       640    0.8842    0.9537    0.9167    0.6833   0.02839  0.006795  0.002975
   480/499     2.58G  0.008742  0.001513 5.502e-05   0.01031        38       640      0.89    0.9473     0.917    0.6832   0.02839    0.0068  0.002973
   481/499     2.58G  0.008747  0.001496 7.725e-05   0.01032        36       640      0.89    0.9471     0.917    0.6825   0.02839  0.006804  0.002973
   482/499     2.58G  0.008757  0.001503 5.101e-05   0.01031        42       640    0.8884    0.9474    0.9175     0.684    0.0284  0.006809  0.002971
   483/499     2.58G  0.008769  0.001524  6.22e-05   0.01036        34       640    0.8884    0.9472    0.9172    0.6834    0.0284  0.006813   0.00297
   484/499     2.58G  0.008697  0.001508 6.262e-05   0.01027        21       640    0.8779    0.9596    0.9166    0.6833    0.0284  0.006818  0.002973
   485/499     2.58G  0.008692  0.001495 5.524e-05   0.01024        37       640    0.8784    0.9595    0.9164    0.6838   0.02841  0.006824  0.002974
   486/499     2.58G  0.008623  0.001508 7.179e-05    0.0102        41       640    0.8784    0.9598    0.9167    0.6835   0.02841  0.006829  0.002973
   487/499     2.58G  0.008613  0.001515 6.511e-05   0.01019        49       640    0.8787    0.9598    0.9168    0.6842   0.02842  0.006834   0.00297
   488/499     2.58G  0.008722  0.001496 7.958e-05    0.0103        27       640    0.8805    0.9597    0.9166    0.6836   0.02841   0.00684  0.002969
   489/499     2.58G   0.00863  0.001476 5.427e-05   0.01016        23       640    0.8811    0.9595    0.9164    0.6835   0.02841  0.006847   0.00297
   490/499     2.58G  0.008709  0.001534 5.997e-05    0.0103        30       640    0.8815    0.9598    0.9167    0.6839   0.02841  0.006852  0.002971
   491/499     2.58G  0.008717  0.001512 5.403e-05   0.01028        40       640     0.881    0.9588    0.9168     0.684   0.02842  0.006858  0.002968
   492/499     2.58G  0.008649  0.001492 6.268e-05    0.0102        34       640    0.8815    0.9576     0.917    0.6834   0.02843  0.006865  0.002965
   493/499     2.58G  0.008698  0.001486 4.892e-05   0.01023        30       640    0.8812    0.9574    0.9173     0.684   0.02843  0.006871  0.002963
   494/499     2.58G  0.008676  0.001501 4.851e-05   0.01023        24       640    0.8815    0.9568    0.9172     0.684   0.02844  0.006876  0.002962
   495/499     2.58G  0.008653  0.001492 4.666e-05   0.01019        48       640    0.8815    0.9573    0.9171    0.6843   0.02845  0.006881  0.002961
   496/499     2.58G  0.008675  0.001506  7.97e-05   0.01026        27       640    0.8786    0.9575    0.9183    0.6842   0.02846  0.006886  0.002958
   497/499     2.58G   0.00867  0.001499 7.358e-05   0.01024        41       640    0.8785    0.9575    0.9181    0.6848   0.02847  0.006891  0.002958
   498/499     2.58G  0.008634  0.001502 6.636e-05    0.0102        35       640    0.8812    0.9545    0.9183    0.6845   0.02848  0.006899  0.002961
   499/499     2.58G  0.008603  0.001491 5.155e-05   0.01015        30       640    0.8795    0.9573    0.9181     0.684   0.02849  0.006901  0.002962
